// Ship
0000000001111
0000000011110
0000000111100
0000001111000
0000111111110
0111111111111
1111111111111
0111111111111
0000111111110
0000001111000
0000000111100
0000000011110
0000000001111

0000000000000
0000000000000
0000000010000
0000000001000
0000011000100
0000000000100
0000000000100
0000011000100
0000000001000
0000000010000
0000000000000
0000000000000
0000000000100

// ShipDiagonal
1100000000000
1111000000000
0111110000000
0111111111110
0011111111111
0011111111111
0001111111000
0001111111100
0001111111100
0001111111100
0001110111000
0001110000000
0000110000000

// ShipDestroyed
0000000001111
0000000011110
0000000111100
0000001111000
0000111111110
0111111111111
1101110111011
0000100010000
0010001000100
1111011101111
0111111111111
0000111111110
0000001111000
0000000111100
0000000011110
0000000001111

// ShipDiagonalDestroyed
001100000000000
001111000000000
100011110000000
111011111111111
011000111111111
011110111111111
001110001111000
001111101111100
000111100011100
000111111011100
000111111000000
000111111100000
000111011100000
000111000000000
000011000000000

// Bullet
1111
1111

// BulletDiagonal
1100
1110
0111
0011

// EnemyBullet
00001
11111
00001

// EnemyShipAOne
00111001
01111001
01111010
01101110
11101100
11111010
11111010
11101100
01101110
01111010
01111001
00111001

// EnemyShipATwo
00111000
01111010
01111111
01101101
11101100
11111010
11111010
11101100
01101101
01111111
01111010
00111000

// EnemyShipBOne
00000000
00001110
00011000
10111110
01101101
00111101
00111100
00111101
01101101
10111110
00011000
00001110

// EnemyShipBTwo
00000000
01111000
00011101
10111110
01101100
00111100
00111100
00111100
01101100
10111110
00011101
01111000

// EnemyShipCOne
00000000
00000000
00011010
00111101
01101000
11111100
11111100
01101000
00111101
00011010
00000000
00000000

// EnemyShipCTwo
00000000
00000000
00011001
00111010
01101101
11111010
11111010
01101101
00111010
00011001
00000000
00000000

// EnemyShipSpecial
0000100
0001100
0011110
0110111
0111110
1111100
1110100
1111110
1111110
1110100
1111100
0111110
0110111
0011110
0001100
0000100

// Explosion
0001000
1001001
0100010
0010100
1000001
0100010
0000000
0100010
1000001
0010100
0100010
1001001
0001000

// AttackSpeedUpItem
0000000000
0011111000
0011111000
0011111000
0011111000
0001110000
0000100000
0000001000
0000011110
0000001000
0000000000